11
12
15
17
20
19
16
25
26
28
31
32
35
40
39
38
36
37
47
48
51
54
53
52
52
60
62
64
66
63
70
72
71
76
80
79
78
77
86
87
90
92
93
96
97
100
102
101
106
107
110
112
114
113
118
120
119
124
125
128
130
132
135
134
133
140
141
143
146
148
150
152
151
156
158
157
162
163
166
168
170
171
174
176
175
180
181
184
186
188
191
192
190
196
197
200
202
201
206
208
210
212
215
214
213
220
222
223
226
228
230
231
233
236
237
240
242
243
246
248
250
251
254
256
257
260
262
263
266
268
270
272
274
276
277
280
282
283
286
288
290
292
294
296
297
300
301
304
306
308
310
311
314
316
318
317
322
324
326
328
330
331
334
335
338
339
342
343
346
348
350
351
354
355
357
360
361
364
366
368
370
371
374
377
376
375
382
384
386
388
390
392
394
397
396
395
402
404
406
408
410
412
414
417
418
416
422
423
426
428
430
432
434
435
437
440
441
444
446
448
450
451
454
456
458
460
462
461
466
468
470
471
474
476
478
477
482
483
486
488
490
492
494
495
498
499
502
503
506
508
510
512
514
516
518
519
522
523
526
528
530
532
534
536
538
540
539
544
546
548
550
552
554
555
558
560
561
564
566
568
570
572
574
576
578
580
581
584
586
588
590
592
594
596
598
600
601
604
606
608
610
611
614
616
618
619
622
624
625
628
630
632
634
636
637
640
642
643
646
648
650
651
654
656
658
657
662
664
666
668
670
672
674
674
677
677
680
682
684
686
688
689
692
694
695
698
700
702
704
706
708
710
712
714
715
718
720
722
724
726
728
730
732
734
735
738
740
742
744
746
748
750
752
754
755
756
760
762
764
766
768
770
772
773
776
777
780
782
784
786
788
790
792
794
793
798
800
802
804
806
808
810
812
814
815
818
820
822
824
826
828
830
832
833
836
838
840
842
844
846
848
850
852
853
856
858
860
862
864
866
868
870
872
873
873
877
879
881
883
885
887
889
891
893
892
897
899
901
903
905
907
909
910
910
914
916
918
919
922
924
926
928
930
931
934
936
938
939
942
944
946
948
950
951
954
956
958
959
962
964
966
968
970
971
974
976
978
979
982
984
986
987
988
989
990
991
992
993
994
995
